outcome
-0.783510588186498
1.26675315791211
0.573294990242896
0.905045193359554
0.735814522091517
-0.616950417615773
1.03833047679427
0.0571275877773563
-0.591936496477602
-0.0993529360373736
3.63068033228526
-0.457525343075173
0.552139361137324
-0.623662044455878
-2.49580641723117
2.98933107581286
1.00488727333675
-0.584291291017308
1.38890484175649
-0.399614757459674
-0.984492296491126
0.787262921975947
-1.27057601730352
-0.391969331858825
-1.93016856066633
-0.479157706171116
0.003531334872373
0.890013608662816
1.65525364524043
1.31810806818108
-0.614163207133124
-0.495619210270208
-0.263760557200484
0.256573692076796
1.69363970526692
0.480834335282829
-0.163856517292049
1.83361664494024
-2.42605787541651
0.867472237936636
-0.670982269246851
0.174903882547175
-1.12549323349957
2.5474497420804
-1.10952249196499
-0.73542120834782
2.77620201605415
0.867194725231708
2.03279399173077
1.13444083711853
0.949428155135607
0.391251496806921
-0.0687813117037901
1.44617483078893
-1.01502251633955
0.917175384410239
-1.18045273322715
1.77483510998062
0.911988964655071
-0.357138555386091
0.375635529424711
3.01450310614847
0.962380654409326
1.30586973166428
-0.620097662194968
-0.137581479119047
2.26602348988415
3.41058227404352
1.43139361980388
3.30317555920814
-2.87916212666218
-1.21121745554414
-0.245781183359643
0.825670215053707
-0.528935351727913
0.869575741490382
1.08547321875821
0.992731435972521
-1.50245185523549
-0.0716202031045621
-0.525560175187542
-0.784383386988691
1.58674969514997
2.75203829213648
1.0495698098731
-0.79155164593931
-1.33373536142422
-1.00821307300733
0.212456729868924
1.60440756063076
-1.66189491435279
1.11906586347636
2.43656857018963
-0.262869152830601
1.49756121147969
-1.19177516301634
1.19775203947869
2.46546759518521
1.16054917280978
-2.33544984619024
1.38782697729586
-0.291287197416068
-0.245067708037661
-1.96650893291982
-1.18390843333479
-0.110450019607329
0.672975224851134
0.838683599768238
0.35233801320866
2.21868433597845
-1.1566774482961
2.35904774812025
-0.306909928523229
-0.740507001564146
1.29517998781021
1.25311488064509
2.34193980432021
-0.894908621435852
-0.388400390976159
0.0603787888356009
2.00812849276386
1.10524334236919
-0.809366868148344
0.63583693308159
1.7637911161814
0.384538461016854
0.024175550484411
-2.23938776368078
-1.60819898440285
0.146093639841384
2.71606291730064
-1.19870883200644
-1.1966334507926
1.25188909102997
-0.844851999442249
2.14746001999777
-0.590482360428279
-0.0776350125565137
1.39493816109904
0.149383815862007
0.0992837732448443
-0.0585103646582442
-3.55166950220408
1.64238951263379
1.03421413358836
-1.17969857605279
-0.491693401887355
2.04575350912652
3.580280684512
1.36094409393306
-0.47434807040552
4.52688100497619
-1.30687938923199
0.527324504975412
0.48686115684465
-0.909114832455751
0.714126214586729
-1.3567068455467
3.66877603306541
-0.0314363335851092
1.85629690108306
0.0880249334265943
-0.773205018270038
3.22643420496847
-0.301255287689663
-1.61546525168859
0.243854517919827
-1.67465815654543
0.0552924221135493
0.0593271929756892
1.24043395841603
-1.73162245249779
0.813686466065168
3.69838124699263
-1.33281837767956
-0.136177532948404
1.69850762734218
1.28272131668122
-0.320841670193991
-0.0799556261094639
-0.70211377256001
1.25952218383102
0.00358451106469673
1.19441072369965
0.88599269709432
-0.806176914989001
-1.35998051633815
1.15275102325404
2.20142453147037
0.338090982630236
0.915789814253673
0.719789188135811
-0.373730663960823
-1.10488621206117
-0.108462386670617
3.35298168174669
0.550177821666115
-0.454819870876473
-0.421503883075024
-0.179730753972078
0.943260496870681
0.0986772053056686
-0.563217321111008
0.154406026607261
2.21980775951097
-1.52010255659747
0.175875826103298
0.099629222931452
3.37516121694125
0.570350002217801
0.143211945813939
1.39520820762695
3.42623138092276
-0.145019584861076
-2.86811035559793
4.29101061871899
-0.1386221403271
-0.321443894955533
-0.671345942998386
-0.496281908700353
-0.342272535990367
-0.220227436973372
2.1666995484652
-0.518062724200671
0.186582492561658
0.575317867035827
0.0582880852657635
0.319464655555166
-0.743331435578082
-0.705655316726838
2.55197488222664
-1.13465027314291
1.87930662986201
-0.88263679495175
-0.196463325103347
0.284089194287799
-0.6736130263012
-0.0671975095793354
1.4973946585144
-1.37746967237096
